3,2
3,1
3,3
10,276
10,236
10,146
10,292
10,314
10,166
10,108
10,1
10,32
10,2
10,3
11,4
11,17
11,19
11,14
11,23
11,27
11,28
11,1
11,20
11,2
11,3
9,7
9,6
9,1
9,4
9,2
9,3
8,6
8,18
8,10
8,17
8,7
8,15
8,1
8,14
8,2
8,3
12,2
12,1
12,3
20,2
20,1
20,3
19,2
19,1
19,3
18,1
18,3
14,3
13,1
13,3
35,9
35,8
35,7
35,6
35,5
35,4
35,3
35,2
35,1
35,0
34,5
34,4
34,3
34,2
34,1
34,0
33,27
33,26
33,25
33,24
33,23
33,22
33,21
33,20
33,19
33,18
33,17
33,16
33,15
33,14
33,13
33,12
33,11
33,10
33,9
33,8
33,7
33,6
2,2
33,5
2,1
2,3
33,4
33,3
33,2
33,1
33,0
32,4
32,3
32,2
32,1
32,0
31,8
31,7
31,1
31,6
14,5
14,1
14,4
0,471
0,469
0,468
0,467
0,465
